140.0,125.0,9.0,0.0,0.0,0.2777779,0.06296301,0.66666675,0.31111118,6.185185,7.333333500000001,7.666666499999999,3.5555556000000004,3.4444443999999996,4.4444447,-7.888889,7.777777700000001,0.5456349,-1.1218181999999999
188.0,133.0,9.0,0.0,0.0,0.33333334,0.26666674,0.5,0.077777736,6.666666499999999,8.333333999999999,7.777777700000001,3.8888887999999997,5.0,3.3333333,-8.333333,8.444445,0.53858024,-0.92481726
105.0,139.0,9.0,0.0,0.0,0.27777782,0.107407436,0.83333325,0.52222216,6.111111,7.5555553,7.222222299999999,3.5555556000000004,4.3333335,3.3333333,-7.666666499999999,7.5555553,0.5326279,-0.96594584
34.0,137.0,9.0,0.0,0.0,0.5000002,0.16666673,1.111111,0.47407418,5.851852,7.777777700000001,6.4444447,3.3333333,5.777777700000001,1.7777778000000002,-7.5555553,7.777777700000001,0.57363313,-0.74427164
39.0,111.0,9.0,0.0,0.0,0.72222227,0.37407416,0.8888889000000001,0.4296295,6.037037000000001,7.0,7.666666499999999,3.4444443999999996,2.8888887999999997,4.888889,-7.777777700000001,7.888889,0.56291884,-1.1757725
16.0,128.0,9.0,0.0,0.0,0.5,0.077777766,0.66666675,0.31111118,5.5555553,6.888889,6.666666499999999,3.1111112000000003,4.0,3.3333333,-7.333333500000001,7.111111,0.56150794,-0.98581076
26.0,67.0,9.0,0.11111111,0.0,1.0,0.8888903,2.4444447,3.1851847,20.0,19.555555,25.88889,14.555554999999998,-1.3333334,17.666666,-16.333334,25.88889,0.43693919999999997,-1.6232022
14.0,110.0,9.0,0.0,0.0,1.7222224,5.351850499999999,2.6666667,1.0222229,17.925926,18.88889,21.444445,13.444445000000002,2.8888887999999997,10.555555,-13.444445000000002,21.444445,0.36884832,-1.3450956
11.0,108.0,9.0,0.0,0.0,1.3333335,0.80000025,1.3888888000000001,0.95185167,17.666666,19.0,21.11111,12.888889,4.0,10.333333,-14.333332999999998,21.11111,0.38875645,-1.3021333000000002
85.0,101.0,9.0,0.0,0.0,1.3333334,1.2888881,1.2777777,1.2185181,21.296297,21.222220999999998,26.777779,15.888889,-0.22222222,16.444445,-16.222220999999998,26.777779,0.4047922,-1.5585992
18.0,145.0,9.0,0.0,0.0,0.38888896,0.018518496000000002,0.6111111,0.3740741,3.925926,5.5555553,4.0,2.2222223,4.888889,0.22222222,-5.111111,5.5555553,0.6005291,-0.57094
23.0,55.0,9.0,0.0,0.0,2.2222216,3.6740727,1.7777773000000001,0.7851852,23.444445,21.666666,31.111109999999996,17.555555,-5.3333335,23.0,-17.666666,31.111109999999996,0.43507022,-1.7711631999999997
196.0,129.0,9.0,0.0,0.0,0.83333325,0.43333334,0.6666667,0.17777774,6.3333335,7.888889,7.333333500000001,3.7777777,4.6666665,3.0,-7.666666499999999,8.222222,0.54012346,-0.9327825999999999
80.0,116.0,9.0,0.0,0.0,1.5,1.6333328,1.5555557,0.87407404,21.703703,21.222220999999998,27.555555,16.333334,-1.4444443999999999,17.555555,-16.11111,27.555555,0.40736422,-1.6322426
2.0,44.0,9.0,0.0,0.0,2.1666672,2.3888876,2.3888896,1.5296285,18.74074,17.333334,25.222220999999998,13.666667000000002,-4.222222299999999,19.444445,-15.222222,25.222220999999998,0.45768142,-1.7537255
120.0,136.0,9.0,0.0,0.0,0.61111116,0.41851869999999997,1.0000001,0.4444444,6.259258999999999,7.777777700000001,7.222222299999999,3.7777777,4.5555553,2.8888887999999997,-7.4444447,8.0,0.52954143,-0.92460656
146.0,124.0,9.0,0.0,0.0,0.4999999,0.16666664,0.38888875,0.107407376,6.037037000000001,7.4444447,7.333333500000001,3.3333333,4.222222299999999,3.8888887999999997,-8.111111,7.666666499999999,0.56349206,-1.0247301
23.0,85.0,9.0,0.0,0.0,1.4444445,1.0518524999999999,1.7777779999999999,0.96296287,17.962963000000002,18.88889,21.88889,13.111111,2.7777777,11.777778,-14.555554999999998,21.88889,0.39975148,-1.386867
138.0,116.0,9.0,0.0,0.0,0.6111111,0.15185188,0.44444449999999996,0.20740739,6.4814815999999995,7.5555553,8.222222,3.6666667,3.2222223,5.222222299999999,-8.444445,8.333333999999999,0.5591710999999999,-1.1910701000000001
229.0,124.0,9.0,0.0,0.0,0.8888889999999999,0.074073985,0.8888889000000001,0.3407407,5.888889,7.111111,7.111111,3.4444443999999996,3.6666667,3.6666667,-7.333333500000001,7.5555553,0.5458554,-1.0376626
22.0,116.0,9.0,0.0,0.0,0.38888875,0.10740741,0.33333325,0.13333334,5.6296295999999995,6.777777700000001,7.0,3.1111112000000003,3.4444443999999996,4.111111,-7.5555553,7.333333500000001,0.57539684,-1.0996237
121.0,60.0,9.0,0.0,0.0,2.277778,2.329629,2.888889,2.8740742000000004,26.740740000000002,24.666666,35.22222,20.333334,-6.222222299999999,25.444445,-19.222220999999998,35.22222,0.4223002,-1.776113
33.0,149.0,9.0,0.0,0.0,0.5555555999999999,0.25185165,0.72222227,0.15185171,5.4444447,4.111111,8.666667,3.5555556000000004,-4.0,9.666667,-5.6666665,8.666667,0.5783389,-1.9857028
80.0,95.0,9.0,0.0,0.0,1.2222223,1.0074079,0.9444440000000001,0.5518514,21.407408,21.333334,26.666665999999996,16.222223,-0.22222222,15.777778,-15.555554999999998,26.666665999999996,0.39043593,-1.5673273
96.0,84.0,9.0,0.0,0.0,1.5000003999999998,1.2777773000000001,1.6111107,2.2851882000000003,23.851851999999997,23.555555,30.0,18.0,-0.8888889000000001,18.444445,-17.555555,30.0,0.39879107,-1.598867
145.0,102.0,9.0,0.0,0.0,0.88888866,0.6074083,2.611111,1.4851857,23.074074,22.11111,29.777779,17.333334,-2.8888887999999997,20.11111,-17.222220999999998,29.777779,0.41776258,-1.6854403999999998
18.0,138.0,9.0,0.0,0.0,0.88888884,0.5629629,0.83333325,0.29999986,5.740741000000001,7.333333500000001,6.5555553,3.3333333,4.777777700000001,2.4444444,-7.222222299999999,7.333333500000001,0.5438712,-0.8621076999999999
138.0,133.0,9.0,0.0,0.0,0.6666667,0.44444433,1.1666666,0.21111093,6.4444447,7.777777700000001,7.888889,3.6666667,4.0,4.3333335,-8.333333,8.222222,0.5582011,-1.0776595
121.0,113.0,9.0,0.0,0.0,1.7222220000000001,1.5296303,2.944444,1.5296295,20.25926,20.0,25.444445,15.333332999999998,-0.7777778000000001,15.555554999999998,-14.777778,25.444445,0.39658895,-1.5856091
95.0,57.0,9.0,0.0,0.0,1.8333327000000001,3.4111105999999998,2.1111107000000002,1.7185175,26.296296999999996,24.666666,34.444447,19.777779000000002,-4.888889,24.444445,-19.555555,34.444447,0.42569095,-1.7390173999999998
140.0,25.0,9.0,0.0,0.0,0.99999875,1.4666697,1.1111107,0.118517555,128.0,117.77778,142.33334,123.88888500000002,-30.666665999999996,43.0,-12.333333,142.33334,0.17250364,-2.3545517999999994
142.0,33.0,9.0,0.0,0.0,0.49999872,0.62360865,0.50000125,0.3496027,110.59258999999999,96.77778,128.66666999999998,106.33333600000002,-41.444443,54.22221999999999,-12.777778,128.66666999999998,0.24777646,-2.4080186
66.0,41.0,9.0,0.0,0.0,0.61111194,0.32773077,0.38889185,0.32773316,109.703705,95.111115,128.88889,105.11111499999998,-43.77778,57.55555699999999,-13.777778,128.88889,0.26204562,-2.404745
165.0,99.0,9.0,0.0,0.0,0.88889056,0.47407392,0.7777786,0.47407353,93.40741,79.0,118.0,83.22222,-43.22222,73.77778,-30.555555,118.0,0.33041757,-2.2077565
228.0,20.0,9.0,0.0,0.0,1.0555546999999998,0.49065518,0.8333333,0.7527733,125.0,114.0,140.55556,120.44443999999999,-33.0,46.666668,-13.666667000000002,140.55556,0.18889166,-2.3480060000000003
124.0,29.0,9.0,0.0,0.0,1.0000013,0.7111076,1.0555534,0.90741664,128.44444,119.22222,142.88889,123.22222,-27.666665999999996,43.333332,-15.666667000000002,142.88889,0.16561614,-2.271128
156.0,32.0,9.0,0.0,0.0,0.77777356,0.16296418,2.6111095,1.0407379,136.2963,129.77778999999998,146.33334,132.77778999999998,-19.555555,30.111109999999996,-10.555555,146.33334,0.113055356,-2.280755
21.0,90.0,9.0,0.0,0.0,0.66666794,0.044444147,0.7777786,0.56296283,113.48148,105.88888500000002,128.55556,106.0,-22.777779000000002,45.22222,-22.444445,128.55556,0.17969723,-2.0978147999999996
8.0,39.0,9.0,0.11111111,0.0,1.3888906,1.129629,1.8333334,0.6999989999999999,113.37037,102.55556,132.0,105.55556000000001,-32.444443,55.88889,-23.444445,132.0,0.22295359,-2.1981577999999997
122.0,11.0,9.0,0.0,0.0,1.0,0.31111577,2.8888905,5.051851999999999,143.44444,136.88889,150.88889,142.55556,-19.666666,22.333334,-2.6666667,150.88889,0.09277301,-2.5216477000000004
44.0,79.0,9.0,0.0,0.0,0.44444403,0.34426486,0.7777786,0.4036864,107.74073999999999,93.888885,126.55556000000001,102.77778,-41.555557,56.44444300000001,-14.888889,126.55556000000001,0.2580791,-2.3779652000000002
7.0,18.0,9.0,0.0,0.0,1.2777786,0.7296265000000001,0.9444453000000002,0.37407914,138.62962,133.33334,147.55556,135.0,-15.888889,26.777779,-10.888889,147.55556,0.09635223400000001,-2.2146115
188.0,42.0,9.0,0.0,0.0,0.7777786,0.5443299,1.6666679,1.2649081,108.92593000000001,95.666664,126.22222,104.88888500000002,-39.77778,51.88889,-12.111111,126.22222,0.24193405,-2.4103877999999996
152.0,18.0,9.0,0.0,0.0,0.7777774000000001,0.4554219,0.55555725,0.27216440000000003,112.11111499999998,97.22222,130.44444,108.66666399999998,-44.666668,55.0,-10.333333,130.44444,0.25466839999999996,-2.45498
120.0,74.0,9.0,0.0,0.0,0.3333346,0.08888922,0.50000125,0.07777796,101.85185,89.111115,123.22222,93.22222,-38.22222,64.111115,-25.88889,123.22222,0.2767844,-2.2205532000000003
143.0,24.0,9.0,0.0,0.0,1.2777773000000001,0.9074056,0.88888806,1.1407489,127.62963,117.66666399999998,141.66666999999998,123.55556000000001,-29.888890000000004,42.11111,-12.222222,141.66666999999998,0.16939692,-2.349252
181.0,27.0,9.0,0.0,0.0,0.7222214,0.46296388,0.5,0.25555483,138.07408,132.55556,146.55556,135.11111,-16.555555,25.444445,-8.888889,146.55556,0.09626316,-2.2645319
107.0,21.0,9.0,0.0,0.0,0.66666156,0.51639783,1.1666666,0.40824829999999995,126.77778,115.77778,141.88889,122.66666399999998,-33.0,45.333332,-12.333333,141.88889,0.18402189,-2.3703717999999996
226.0,83.0,9.0,0.0,0.0,0.8888893,0.5185185999999999,1.0555521,0.50740635,90.62963,74.55556,116.88888500000002,80.44444,-48.22222,78.77778,-30.555555,116.88888500000002,0.36206177,-2.2390527999999996
93.0,29.0,9.0,0.0,0.0,1.2222239,1.2296363000000001,1.3888906,1.5740819,128.48148,119.0,142.77777,123.66666399999998,-28.444445,42.88889,-14.444445000000002,142.77777,0.16648434,-2.2977605
60.0,52.0,9.0,0.0,0.0,0.7222225999999999,0.5963010999999999,0.7777774000000001,0.7407436,111.62963,101.0,129.22223,104.666664,-31.888890000000004,52.77778000000001,-20.88889,129.22223,0.21837935,-2.2296848
179.0,101.0,9.0,0.0,0.0,0.44444785,0.38518709999999995,0.61110944,0.32963282,134.92592,126.44443999999999,147.22223,131.11111,-25.444445,36.88889,-11.444445,147.22223,0.14110672,-2.3287346
112.0,30.0,9.0,0.0,0.0,0.55555725,0.27216440000000003,1.2222226999999999,0.7200825,113.25926000000001,100.77778,130.11111,108.88888500000002,-37.444443,50.555557,-13.111111,130.11111,0.22538376,-2.3853076
103.0,64.0,9.0,0.0,0.0,0.6666667,0.6992054,1.3333308000000001,0.91893595,108.77778,96.333336,126.22222,103.77778,-37.333332,52.333332,-15.0,126.22222,0.23679679999999997,-2.3554425
174.0,50.0,9.0,0.0,0.0,1.0000013,0.7601153,0.9444453000000002,0.9525792,107.44443999999999,94.666664,125.77778,101.888885,-38.333332,55.0,-16.666666,125.77778,0.2473368,-2.3372955
80.0,40.0,9.0,0.0,0.0,0.6111107,0.5741323,0.7222225999999999,0.7722025,110.703705,96.22222,129.0,106.88888500000002,-43.444443,54.88889,-11.444445,129.0,0.2540513,-2.4346924
67.0,71.0,9.0,0.0,0.0,1.6666666,0.8888911,1.4999987,0.29999846,125.96296000000001,115.55556000000001,140.88889,121.44443999999999,-31.222221,44.77778,-13.555554999999998,140.88889,0.17967218,-2.3397580000000002
92.0,56.0,9.0,0.0,0.0,0.44444275,0.029629406,0.8333333,0.5666677,126.0,115.88888500000002,140.66666999999998,121.44443999999999,-30.333334000000004,44.0,-13.666667000000002,140.66666999999998,0.17606053,-2.3267827000000003
67.0,32.0,9.0,0.0,0.0,0.9444440000000001,1.0628421000000001,1.7777786,1.3109215,126.22222,115.11111499999998,142.22223,121.33333600000002,-33.333332,48.0,-14.666667000000002,142.22223,0.19062504,-2.333746
125.0,46.0,9.0,0.11111111,0.0,0.61110944,0.61161584,2.166668,0.7817352,124.55556000000001,112.77778,141.0,119.88888500000002,-35.333332,49.333332,-14.0,141.0,0.20012376,-2.357688
101.0,121.0,9.0,0.11111111,0.0,0.6666667,0.843274,1.5,0.88819396,3.4074074999999997,1.1111111999999999,6.0,3.1111112000000003,-6.888889,7.777777700000001,-0.8888889000000001,6.0,0.8435185,-2.5191647999999995
21.0,122.0,9.0,0.0,0.0,0.44444445,0.4036867,0.44444445,0.4036867,0.5555555999999999,0.0,1.2222222,0.44444445,-1.6666666,2.0,-0.33333334,1.2222222,0.5555555999999999,-2.4445627
45.0,89.0,9.0,0.0,0.0,0.7777776999999999,0.3407409,0.77777773,0.47407398,2.2962964,0.11111111,6.4444447,0.33333334,-6.5555553,12.444445,-5.888889,6.4444447,0.9861110999999999,-2.1239047
18.0,87.0,9.0,0.0,0.0,1.5555555,1.9626131999999998,1.8888886999999999,1.7469552,2.925926,1.2222222,5.6666665,1.8888888,-5.111111,8.222222,-3.1111112000000003,5.6666665,0.86277056,-2.2294934
52.0,102.0,9.0,0.0,0.0,0.72222227,0.50740725,0.8333333,0.5666668,2.8888887999999997,0.6666667,6.3333335,1.6666666,-6.666666499999999,10.333333,-3.6666667,6.3333335,0.89973545,-2.2617195
54.0,91.0,9.0,0.0,0.0,1.4444443,1.540741,0.8333333,0.25555572,3.2592592000000002,0.5555555999999999,8.0,1.2222222,-8.111111,14.222222,-6.111111,8.0,0.94481075,-2.1867229999999998
80.0,87.0,9.0,0.0,0.11111111,24.388891,572.9964,44.722225,1386.3292,67.44444,58.77778000000001,79.0,64.55556,-26.0,34.666668,-8.666667,79.0,0.30628127,-2.4221272000000003
140.0,124.0,9.0,0.0,0.0,1.0,0.44444454,1.1111111999999999,1.0518516000000002,2.5185183999999996,0.22222222,6.111111,1.2222222,-6.888889,10.777778,-3.8888887999999997,6.111111,0.97376543,-2.267462
69.0,139.0,9.0,0.0,0.0,2.8333328,1.7732588,2.1111112000000003,1.6688870999999998,18.074074,16.0,22.555555,15.666667000000002,-6.222222299999999,13.444445000000002,-7.222222299999999,23.88889,0.38661182,-1.7028333999999998
9.0,80.0,9.0,0.0,0.0,2.9444444,13.751853,16.666666,71.5111,23.62963,17.333334,31.666665999999996,21.88889,-18.88889,24.11111,-5.222222299999999,31.666665999999996,0.5142537,-2.4315135
6.0,81.0,9.0,0.0,0.11111111,4.111111,8.740745,5.7222230000000005,28.507409999999997,12.481482000000002,7.666666499999999,18.88889,10.888889,-14.444445000000002,19.222220999999998,-4.777777700000001,18.88889,0.6281558,-2.388561
74.0,129.0,9.0,0.0,0.0,0.22222222,0.029629637,0.11111111,0.029629635,0.5185185,0.0,1.5555556000000001,0.0,-1.5555556000000001,3.1111112000000003,-1.5555556000000001,1.5555556000000001,1.0,-2.0943952
41.0,75.0,9.0,0.0,0.11111111,15.388889,19.136257,26.611113,31.713590000000003,55.0,47.444443,65.44444,52.11111,-22.666666,31.333334000000004,-8.666667,65.44444,0.29780185,-2.3567543
36.0,145.0,9.0,0.0,0.0,0.27777779999999996,0.19629629,1.2777778,2.0629628,0.8518519,0.33333334,1.4444443999999999,0.7777778000000001,-1.5555556000000001,1.7777778000000002,-0.22222222,1.4444443999999999,0.25185186,-2.5309502999999998
94.0,144.0,9.0,0.0,0.0,0.44444442,0.118518494,0.49999997,0.1666667,1.1481482,0.0,3.4444443999999996,0.0,-3.4444443999999996,6.888889,-3.4444443999999996,3.4444443999999996,1.0,-2.0943952
18.0,90.0,9.0,0.0,0.0,1.0555555,0.37407416,0.6666667,0.22222227,2.8148147999999997,0.5555555999999999,6.888889,1.0,-6.777777700000001,12.222222,-5.4444447,6.888889,0.9261464,-2.1643226
68.0,103.0,9.0,0.0,0.0,0.66666675,0.57777774,1.111111,0.96296334,2.148148,0.11111111,5.6666665,0.6666667,-6.111111,10.555555,-4.4444447,5.6666665,0.9876543,-2.1854658
45.0,108.0,9.0,0.0,0.11111111,25.5,12.795401,27.277779,15.930981,49.814816,41.77778,61.11111,46.555557,-24.11111,33.88889,-9.777778,61.11111,0.35897508,-2.3604912999999996
59.0,99.0,9.0,0.0,0.0,0.77777785,0.8296296999999999,0.99999994,0.35555559999999997,2.0370371,0.11111111,5.5555553,0.44444445,-5.777777700000001,10.555555,-4.777777700000001,5.5555553,0.9861110999999999,-2.149743
67.0,136.0,9.0,0.0,0.0,6.722223,3.7083487999999996,2.6666667,3.1972213,15.518517999999998,9.0,25.333334,12.222222,-19.555555,29.444445,-9.888889,25.333334,0.66081303,-2.3075109
226.0,110.0,9.0,0.0,0.0,0.33333334,0.08888887,0.49999997,0.2111111,1.6666666,0.11111111,4.4444447,0.44444445,-4.6666665,8.333333,-3.6666667,4.4444447,0.9777778,-2.1559837
231.0,124.0,9.0,0.0,0.0,3.4444447,14.962964999999999,1.8333334,6.4333352999999995,3.0,1.4444443999999999,5.888889,1.6666666,-4.6666665,8.666667,-4.0,5.888889,0.8953690000000001,-2.118937
103.0,125.0,9.0,0.0,0.0,0.9444445,0.82775915,0.83333343,0.6912146,1.7777778000000002,0.44444445,3.8888887999999997,1.0,-4.0,6.3333335,-2.3333333,3.8888887999999997,0.9238095,-2.2375617
1.0,81.0,9.0,0.0,0.0,12.166667,267.45554,9.222222,205.36296000000002,21.333334,14.0,30.555555,19.444445,-22.0,27.666665999999996,-5.6666665,30.555555,0.5952821999999999,-2.438409
230.0,124.0,9.0,0.0,0.0,0.27777779999999996,0.10740743,0.27777779999999996,0.15185183,0.6666667,0.0,2.0,0.0,-2.0,4.0,-2.0,2.0,1.0,-2.0943952
58.0,109.0,9.0,0.0,0.0,0.8888889000000001,0.25185165,2.8333333,1.677777,4.296296,1.4444443999999999,8.444445,3.0,-8.555555,12.444445,-3.8888887999999997,8.444445,0.8644824000000001,-2.2837872999999997
59.0,120.0,9.0,0.0,0.0,2.1666667,1.9860634,1.4444441000000001,1.8698384999999997,19.074074,10.555555,33.11111,13.555554999999998,-25.555555,42.11111,-16.555555,33.11111,0.6812664,-2.2312608
140.0,125.0,9.0,0.0,0.0,0.66666657,0.22222227,2.6666667,3.7777781000000004,3.925926,1.5555556000000001,7.777777700000001,2.4444444,-7.111111,11.555555,-4.4444447,7.777777700000001,0.85319865,-2.2342408
127.0,143.0,9.0,0.0,0.0,1.5,0.12222214,0.88888884,0.60740745,4.185185,0.8888889000000001,9.444445,2.2222223,-9.888889,15.777778,-5.888889,9.444445,0.915376,-2.2574123999999998
23.0,129.0,9.0,0.0,0.0,0.5,0.077777795,0.38888887,0.15185186,0.5185185,0.0,1.5555556000000001,0.0,-1.5555556000000001,3.1111112000000003,-1.5555556000000001,1.5555556000000001,0.7777778000000001,-2.0943952
191.0,119.0,9.0,0.0,0.0,1.1111107,1.2938615,0.9444459000000001,0.772202,39.851852,36.22222,48.22222,35.11111,-10.888889,25.11111,-14.222222,48.22222,0.27171725,-2.0059998
219.0,80.0,9.0,0.0,0.0,1.2777767,0.3296295,0.6666667,0.9333318000000002,39.703705,36.333335999999996,48.22222,34.555557,-10.111111,25.555555,-15.444445000000002,48.22222,0.28296396,-1.9626464
136.0,45.0,9.0,0.0,0.0,1.222222,1.5444058999999999,2.0555553,1.5263131,53.074073999999996,48.11111,63.77778000000001,47.333332,-14.888889,32.11111,-17.222220999999998,63.77778000000001,0.25936732,-2.0459049
66.0,160.0,9.0,0.0,0.0,3.0000007,4.044447,2.777778,0.4296295,22.851851999999997,18.222220999999998,31.555555,18.777779000000002,-13.888889,26.11111,-12.222222,31.555555,0.4260139,-2.1387258
190.0,105.0,9.0,0.0,0.0,1.8888893,2.2962982999999997,2.166666,1.6777796999999999,45.74074,41.22222,56.33333199999999,39.666668,-13.555554999999998,31.777779,-18.222220999999998,56.33333199999999,0.29599184,-1.9960818
37.0,78.0,9.0,0.0,0.0,1.0000006,0.17777735,2.5555565,2.8740728,43.814816,41.11111,51.88889,38.444443,-8.111111,24.222220999999998,-16.11111,51.88889,0.25891644,-1.8860723000000001
198.0,127.0,9.0,0.0,0.0,2.4444444,4.385187,8.555555,59.54075,40.74074,38.0,48.22222,36.0,-8.222222,22.444445,-14.222222,48.22222,0.24899939,-1.9083477999999998
191.0,101.0,9.0,0.0,0.0,1.111112,0.7793635,1.1111113000000001,1.186342,45.037037,39.0,57.11111,39.0,-18.11111,36.22222,-18.11111,57.11111,0.32273299,-2.0943026999999996
243.0,120.0,9.0,0.0,0.0,4.4444447,4.359749,1.5555546999999998,1.8338386999999998,47.851852,44.77778,56.33333199999999,42.444443,-9.222222,25.444445,-16.222220999999998,56.33333199999999,0.24532129999999996,-1.9107348999999998
230.0,117.0,9.0,0.0,0.0,3.2777786,0.92895794,1.4444433,0.86066324,39.037037,33.555557,49.77778,33.77778,-16.444445,32.22222,-15.777778,49.77778,0.33502588,-2.1062347999999997
151.0,89.0,9.0,0.0,0.0,8.388889,4.577317,0.72222203,0.38968238,31.703703000000004,27.333334000000004,41.0,26.777779,-13.111111,27.888890000000004,-14.777778,41.0,0.35127252,-2.0465415
176.0,100.0,9.0,0.0,0.0,1.9444441000000003,0.7740748000000001,1.4444447,0.6518514,55.370369999999994,50.333332,66.88889,48.88889,-15.111111,34.555557,-19.444445,66.88889,0.26862052,-2.00619
118.0,126.0,9.0,0.0,0.0,0.6666667,0.39999974,1.8333336,2.1222223999999996,20.555555,16.11111,28.666665999999996,16.88889,-13.333332999999998,24.333334,-11.0,28.666665999999996,0.43707799999999997,-2.1588047
42.0,57.0,9.0,0.0,0.0,1.3888906,0.97562754,0.99999875,0.36514837,65.703705,59.44444300000001,79.44444,58.22221999999999,-18.777779000000002,41.22222,-22.444445,79.44444,0.26677614,-2.0307028000000003
217.0,148.0,9.0,0.0,0.0,2.0555556,2.551854,1.0555553,0.5074078,29.074074,21.444445,41.555557,24.222220999999998,-22.88889,37.444443,-14.555554999999998,41.555557,0.48377079999999995,-2.2379715
14.0,146.0,9.0,0.11111111,0.0,0.8888889999999999,0.47407380000000005,1.1111111999999999,0.7407406999999999,10.592592,8.0,15.666667000000002,8.111112,-7.777777700000001,15.222222,-7.4444447,15.666667000000002,0.48786426,-2.1089108
22.0,87.0,9.0,0.0,0.0,1.8888898999999997,1.2590423000000002,1.1666666,0.62361073,64.03704,55.77778000000001,80.333336,56.0,-24.777779000000002,48.88889,-24.11111,80.333336,0.30969977,-2.105073
130.0,32.0,9.0,0.0,0.0,1.1111113000000001,1.0470409999999999,0.83333397,0.83665866,59.481480000000005,54.22221999999999,70.88889,53.33333199999999,-15.777778,34.22222,-18.444445,70.88889,0.24900064,-2.042422
162.0,159.0,9.0,0.0,0.0,2.1666667,0.9603238000000002,2.2222223,1.4555128000000002,26.11111,25.222220999999998,29.555555,23.555555,-2.6666667,10.333333,-7.666666499999999,29.555555,0.20284556,-1.8025542
150.0,158.0,9.0,0.0,0.0,2.166667,1.6333338,1.388889,0.41851807,8.444445,7.0,12.222222,6.111111,-4.3333335,11.333333,-7.0,12.222222,0.50308645,-1.9434487
163.0,68.0,9.0,0.0,0.0,1.833334,2.2111099999999997,1.5555558999999999,0.96296287,56.77778000000001,52.0,68.22222,50.11111,-14.333332999999998,34.333332,-20.0,68.22222,0.26505277,-1.9843078
187.0,80.0,9.0,0.0,0.0,1.3333327,0.7111114000000001,1.3333334,0.7111086,40.51852,37.77778,47.666668,36.11111,-8.222222,21.444445,-13.222222,47.666668,0.24472968,-1.942698
140.0,73.0,9.0,0.0,0.0,1.7222214,0.8277598,0.7777774000000001,1.0036957,46.296295,45.666668,51.11111,42.11111,-1.8888888,14.444445000000002,-12.555555,51.11111,0.1761556,-1.6815889
236.0,117.0,9.0,0.0,0.0,0.7777786,0.40368706,1.277778,0.74286777,45.88889,39.555557,58.44444300000001,39.666668,-19.0,37.666668,-18.666666,58.44444300000001,0.33047688,-2.0994802000000004
112.0,90.0,9.0,0.0,0.0,7.388889999999999,6.9455557,1.2777773000000001,0.87981415,65.18519,57.66666800000001,79.77778,58.11111,-22.555555,43.77778,-21.222220999999998,79.77778,0.27834544,-2.108813
197.0,121.0,9.0,0.0,0.0,21.666666,17.3628,0.94444436,0.9047208000000001,41.037037,37.444443,49.444443,36.22222,-10.777778,25.222220999999998,-14.444445000000002,49.444443,0.28057775,-1.9955361
141.0,17.0,9.0,0.11111111,0.22222222,3.7222226000000003,4.4493027000000005,5.0,2.319004,44.592594,40.333335999999996,54.0,39.444443,-12.777778,28.222221,-15.444445000000002,54.0,0.26818594,-2.030048
79.0,28.0,9.0,0.0,0.0,4.2777769999999995,3.7618961000000004,0.8333333,0.6582806,62.40740600000001,53.44444300000001,79.111115,54.66666800000001,-26.888890000000004,50.11111,-23.222220999999998,79.111115,0.32455578,-2.1445074
169.0,102.0,9.0,0.0,0.0,1.0,0.35555485,0.8888893,0.2962955,58.22221999999999,53.44444300000001,69.66667,51.555557,-14.333332999999998,34.333332,-20.0,69.66667,0.25975996,-1.9855843
208.0,65.0,9.0,0.0,0.0,1.3888874,1.2367799,26.444445,25.537477,56.70370500000001,52.66666800000001,64.44444,53.0,-12.111111,23.222220999999998,-11.111111,64.44444,0.19713038,-1.9708116000000002
189.0,144.0,9.0,0.0,0.0,0.0,0.0,0.0,0.0,0.0,0.0,0.0,0.0,0.0,0.0,0.0,0.0,0.0,0.0
189.0,141.0,9.0,0.0,0.0,0.0,0.0,0.0,0.0,0.0,0.0,0.0,0.0,0.0,0.0,0.0,0.0,0.0,0.0
210.0,153.0,9.0,0.0,0.0,0.0,0.0,0.0,0.0,0.0,0.0,0.0,0.0,0.0,0.0,0.0,0.0,0.0,0.0
57.0,89.0,9.0,0.0,0.0,1.7222221999999998,1.3066783000000002,6.1666665,4.703426400000001,17.0,13.0,24.555555,13.444445000000002,-12.0,22.666666,-10.666667,24.555555,0.47748852,-2.1297464
243.0,94.0,9.0,0.0,0.0,0.6666666,0.31111112,0.22222221,0.029629631,1.1851851999999998,0.22222222,3.2222223,0.11111111,-2.8888887999999997,6.111111,-3.2222223,3.2222223,0.9777778,-2.0712416
229.0,104.0,9.0,0.0,0.0,0.49999985,0.54772234,2.8333333,2.0412421000000003,19.777779000000002,16.333334,26.11111,16.88889,-10.333333,19.0,-8.666667,26.11111,0.37553233,-2.1506376
226.0,131.0,9.0,0.0,0.0,0.0,0.0,0.0,0.0,0.0,0.0,0.0,0.0,0.0,0.0,0.0,0.0,0.0,0.0
196.0,95.0,9.0,0.0,0.0,1.7222220000000001,1.1238165,1.3333335,1.2649110000000001,7.6296296,6.777777700000001,10.777778,5.3333335,-2.5555556,9.444445,-6.888889,10.777778,0.51256585,-1.7492584
43.0,152.0,9.0,0.0,0.0,1.9444445,1.7074082,1.2222222,0.8296299000000001,1.5185186000000002,1.0,2.8888887999999997,0.6666667,-1.5555556000000001,4.111111,-2.5555556,2.8888887999999997,0.64867723,-1.9332388999999999
54.0,133.0,9.0,0.0,0.0,1.5555557,1.0074074,0.50000006,0.3444443,5.3703704000000005,3.6666667,9.0,3.4444443999999996,-5.111111,10.888889,-5.777777700000001,9.0,0.6304714,-2.0480003
157.0,85.0,9.0,0.0,0.0,1.2222223,1.2412657,0.22222233,0.17213264,18.925926,14.555554999999998,26.888890000000004,15.333332999999998,-13.111111,23.88889,-10.777778,26.888890000000004,0.45902446,-2.1609125
96.0,94.0,9.0,0.0,0.0,0.7222225999999999,0.28518537,0.44444466,0.42963016,20.222220999999998,16.0,28.777779,15.888889,-12.666667,25.666666,-13.0,28.777779,0.45154575,-2.084893
152.0,155.0,9.0,0.0,0.0,0.5,0.61111104,10.777778,131.80739,7.296296000000001,5.3333335,11.0,5.5555553,-5.888889,11.111111,-5.222222299999999,11.0,0.5,-2.115567
208.0,34.0,9.0,0.0,0.0,1.7222224,1.7309811000000002,0.44444449999999996,0.50184834,14.444445000000002,10.777778,21.0,11.555555,-11.0,19.666666,-8.666667,21.0,0.479958,-2.1623826
222.0,62.0,9.0,0.0,0.0,0.27777782,0.25092420000000004,0.6666667,0.55777335,6.4074073,4.111111,11.444445,3.6666667,-6.888889,15.111111,-8.222222,11.444445,0.68080807,-2.0341523
123.0,152.0,9.0,0.0,0.0,0.0,0.0,0.0,0.0,0.0,0.0,0.0,0.0,0.0,0.0,0.0,0.0,0.0,0.0
20.0,134.0,9.0,0.0,0.0,0.6666667,0.088888995,0.61111116,0.24074072,2.9629629,1.1111111999999999,6.4444447,1.3333334,-5.5555553,10.444445,-4.888889,6.4444447,0.8292328000000001,-2.133095
223.0,62.0,9.0,0.0,0.0,0.3333334,0.29814243,0.44444442,0.50184846,6.4444447,4.111111,11.444445,3.7777777,-7.0,15.0,-8.0,11.444445,0.6703704,-2.0487173
184.0,145.0,9.0,0.0,0.0,0.72222227,0.6116159000000001,0.22222222,0.2721655,0.5555555999999999,0.33333334,1.2222222,0.11111111,-0.6666667,2.0,-1.3333334,1.2222222,0.5277778000000001,-1.9209436000000002
225.0,58.0,9.0,0.0,0.0,0.3333335,0.42163706,0.44444449999999996,0.34426522,8.333333,5.5555553,14.111111,5.3333335,-8.333333,17.333334,-9.0,14.111111,0.62222224,-2.0685637
58.0,113.0,9.0,0.0,0.0,3.4444447,1.2232318000000002,0.7222223000000001,0.38968182,20.851851999999997,16.88889,28.444445,17.222223,-11.888889,22.777779000000002,-10.888889,28.444445,0.4148072,-2.1256926
160.0,41.0,9.0,0.0,0.0,0.8333333,0.8096638,0.22222225,0.17213258,0.7037036999999999,0.5555555999999999,1.2222222,0.33333334,-0.44444445,1.5555556000000001,-1.1111111999999999,1.2222222,0.537037,-1.8451205000000002
160.0,110.0,9.0,0.0,0.0,0.833333,0.6912145000000001,0.4444437,0.27216540000000006,31.62963,27.222221,39.333335999999996,28.333334000000004,-13.222222,23.11111,-9.888889,39.333335999999996,0.3074441,-2.1872416
186.0,12.0,9.0,0.0,0.0,0.44444433,0.27216548,2.3333333,1.9663839,6.259258999999999,3.8888887999999997,11.333333,3.5555556000000004,-7.111111,15.222222,-8.111111,11.333333,0.6873016,-2.057978
142.0,111.0,9.0,0.0,0.0,1.1111113000000001,0.45541987,0.55555534,0.34426492,28.740740000000002,24.555555,35.88889,25.777779000000002,-12.555555,21.444445,-8.888889,35.88889,0.31548372,-2.2026672
252.0,137.0,9.0,0.0,0.0,0.88888884,0.544331,0.6111111,0.71232533,0.7407406999999999,0.33333334,1.7777778000000002,0.11111111,-1.2222222,3.1111112000000003,-1.8888888,1.7777778000000002,0.75,-2.0076063000000004
206.0,61.0,9.0,0.0,0.0,0.5555555,0.40368673,0.4999999,0.45946813,7.0740743,4.6666669999999995,12.222222,4.3333335,-7.222222299999999,15.444445000000002,-8.222222,12.222222,0.64589113,-2.0487173
239.0,93.0,9.0,0.0,0.0,3.4444440000000003,13.496301,1.0555555,0.86296237,14.407407999999998,9.888889,22.88889,10.444445,-13.555554999999998,25.444445,-11.888889,22.88889,0.57700235,-2.1374934
207.0,115.0,9.0,0.0,0.0,1.0555555,0.3296295,0.16666669,0.033333343,1.2222222,0.44444445,2.8888887999999997,0.33333334,-2.3333333,5.0,-2.6666667,2.8888887999999997,0.93333334,-2.0655363
90.0,134.0,9.0,0.0,0.0,0.38888887,0.018518528,0.94444436,0.1518523,2.1111112000000003,1.0,4.6666669999999995,0.6666667,-3.3333333,7.666666499999999,-4.3333335,4.6666669999999995,0.88148147,-2.0131435
86.0,197.0,9.0,0.11111111,0.11111111,1.611112,1.4516907,1.2777786,1.1038647,63.22221999999999,56.22221999999999,77.77778,55.66666800000001,-21.0,43.666668,-22.666666,77.77778,0.28533262,-2.06802
4.0,189.0,9.0,0.0,0.0,2.0555565,3.8851852,11.722221000000001,114.59633999999998,26.444445,23.444445,33.0,22.88889,-9.0,19.666666,-10.666667,33.0,0.27147257,-2.1010017000000003
134.0,187.0,9.0,0.0,0.0,1.8888886999999999,1.5153537000000001,2.1111114,1.7847083,59.370369999999994,52.66666800000001,74.111115,51.333332,-20.11111,44.22222,-24.11111,74.111115,0.30745777,-2.03348
252.0,201.0,9.0,0.0,0.0,4.6111107,5.495115,5.5555553,5.795274,40.296295,35.77778,49.0,36.11111,-13.555554999999998,26.11111,-12.555555,49.0,0.2753682,-2.1758256
219.0,176.0,9.0,0.0,0.11111111,2.1111119,1.8579169999999998,5.111111,2.8414931,60.29629499999999,53.33333199999999,75.66667,51.88889,-20.88889,46.11111,-25.222220999999998,75.66667,0.31446242,-2.0306482
205.0,190.0,9.0,0.0,0.0,1.2777773000000001,0.9981452,1.6111107,1.1238158,49.48148,44.77778,60.66666800000001,43.0,-14.111111,33.555557,-19.444445,60.66666800000001,0.29078844,-1.9875988999999998
202.0,193.0,9.0,0.0,0.0,1.111112,0.7503075,3.3888881,2.489236,41.703705,37.88889,50.666668,36.555557,-11.444445,26.888890000000004,-15.444445000000002,50.666668,0.27838665,-1.9929974999999998
223.0,161.0,9.0,0.0,0.0,1.3888893,3.040736,8.999999,31.022234,42.037037,36.0,52.22222,37.88889,-18.11111,30.555555,-12.444445,52.22222,0.30841646,-2.282295
87.0,196.0,9.0,0.11111111,0.0,1.3333321000000002,0.8692278,2.222222,1.6688869,61.59259399999999,55.0,75.66667,54.11111,-19.777779000000002,42.22222,-22.444445,75.66667,0.28752622,-2.0487363000000003
105.0,193.0,9.0,0.0,0.0,3.222222,1.9051596999999998,2.8888892999999998,2.1773255000000002,60.11111,53.11111,75.111115,52.11111,-21.0,45.0,-24.0,75.111115,0.30846536,-2.047766
77.0,185.0,9.0,0.0,0.0,2.944445,7.6629586,6.2222214000000005,32.118522999999996,32.555557,29.222221,39.666668,28.777779,-10.0,21.333334,-11.333333,39.666668,0.27036038,-2.0852716
88.0,180.0,9.0,0.0,0.0,1.4999993999999999,0.93689823,3.833332,2.888675,50.407406,45.22222,62.33333199999999,43.666668,-15.555554999999998,35.77778,-20.222220999999998,62.33333199999999,0.3009182,-2.0087192
214.0,161.0,9.0,0.0,0.0,3.7222223,0.72963357,11.5,18.922234,40.444443,35.333335999999996,49.666668,36.333335999999996,-15.333332999999998,27.666665999999996,-12.333333,49.666668,0.29805613,-2.1989389999999998
198.0,183.0,9.0,0.0,0.0,1.0555546999999998,1.1816497,3.3888881,1.5974506000000002,54.037037,48.88889,66.55556,46.666668,-15.444445000000002,37.555557,-22.11111,66.55556,0.2986217,-1.9749589
189.0,187.0,9.0,0.0,0.0,1.2222226999999999,1.0036974,3.0555553,2.3890192999999997,48.51852,44.11111,59.88889,41.555557,-13.222222,34.11111,-20.88889,59.88889,0.30575457,-1.9474715
124.0,191.0,9.0,0.0,0.0,3.5000007000000006,2.7386136000000003,3.277778,2.8001327999999996,59.74074,52.88889,74.77778,51.555557,-20.555555,45.11111,-24.555555,74.77778,0.31361094,-2.0354799999999997
182.0,186.0,9.0,0.11111111,0.0,3.666666,2.0439608,1.7777767,1.2412661,48.444443,43.77778,59.88889,41.666668,-14.0,34.333332,-20.333334,59.88889,0.30452195,-1.9730555
151.0,163.0,9.0,0.0,0.0,2.0555556,2.2851863,18.166666,41.988934,40.0,34.555557,48.0,37.444443,-16.333334,24.0,-7.666666499999999,48.11111,0.26384650000000004,-2.5174901000000003
112.0,197.0,9.0,0.0,0.0,4.2222233000000005,2.9938211,4.9444447,3.1227946,50.333332,44.666668,62.22221999999999,44.11111,-17.0,35.666668,-18.666666,62.22221999999999,0.29632849,-2.0712208999999997
137.0,182.0,9.0,0.0,0.0,1.8333334,3.8555553,3.6111107000000002,9.218522,34.925926000000004,31.444445,42.88889,30.444445,-10.444445,23.88889,-13.444445000000002,42.88889,0.28575617,-2.0011246
4.0,201.0,9.0,0.0,0.22222222,2.722222,1.6788458,5.2222214000000005,3.1245742,53.70370500000001,47.11111,67.22222,46.77778,-19.777779000000002,40.555557,-20.777779000000002,67.22222,0.30885938,-2.0752265
235.0,196.0,9.0,0.0,0.0,1.6666666,1.333334,2.222222,1.1482682,47.25926,41.77778,58.55555699999999,41.444443,-16.444445,33.88889,-17.444445,58.55555699999999,0.29423782,-2.0746154999999997
167.0,189.0,9.0,0.0,0.0,3.7777773999999997,2.2377224,3.7777773999999997,1.544405,58.40740600000001,51.333332,72.44444,51.444443,-21.222220999999998,42.11111,-20.88889,72.44444,0.29552308,-2.1013257999999997
250.0,176.0,9.0,0.0,0.11111111,1.611112,1.0628399,3.4444440000000003,1.6953092,53.66666800000001,47.11111,67.66667,46.22222,-19.666666,42.0,-22.333334,67.66667,0.3181372,-2.0522583
244.0,194.0,9.0,0.0,0.0,1.7222220000000001,1.14342,2.277778,2.03761,49.74074,44.444443,61.66666800000001,43.11111,-15.888889,35.77778,-19.88889,61.66666800000001,0.30085307,-2.0218375
178.0,185.0,9.0,0.0,0.0,2.6111119,1.8063676,3.1111114,2.2771008,49.037037,44.0,60.66666800000001,42.444443,-15.111111,34.88889,-19.777779000000002,60.66666800000001,0.30003616,-2.006186
229.0,195.0,9.0,0.0,0.0,4.166666,2.2779152000000003,4.111111,2.2476342000000002,47.703705,42.444443,58.88889,41.77778,-15.777778,33.555557,-17.777779000000002,58.88889,0.29027814,-2.0527046
5.0,210.0,9.0,0.0,0.11111111,2.1666672,1.6699982,4.444444,2.613356,51.296295,45.444443,64.333336,44.11111,-17.555555,39.11111,-21.555555,64.333336,0.3175664,-2.0208955
118.0,180.0,9.0,0.0,0.0,1.9444447,1.4819913,3.1111114,1.0886628999999999,48.555557,44.11111,59.0,42.555557,-13.333332999999998,31.333334000000004,-18.0,59.0,0.27882218,-1.9960422999999998
86.0,193.0,9.0,0.0,0.0,3.2777792999999997,1.6521593,2.222222,1.8094397,61.40740600000001,53.66666800000001,76.55556,54.0,-23.222220999999998,45.444443,-22.222220999999998,76.55556,0.29957896,-2.1093748
204.0,156.0,9.0,0.0,0.0,0.5000003,0.27888626,1.9999996,0.55777323,23.703703,17.333334,25.444445,28.333334000000004,-19.11111,5.222222299999999,13.888889,28.333334000000004,0.38903406,2.8649306
71.0,180.0,9.0,0.11111111,0.0,1.222222,0.5629625,3.0,1.8666646,22.333334,18.333334,21.444445,27.222221,-12.0,-2.6666667,14.666667000000002,27.222221,0.32738259999999997,2.4538307
60.0,181.0,9.0,0.11111111,0.0,1.6666666,1.2000005,2.6666667,2.0888875,19.62963,17.11111,17.88889,23.88889,-7.5555553,-5.222222299999999,12.777778,23.88889,0.28569087,2.1891353
103.0,216.0,9.0,0.0,0.0,0.88888884,0.6518517,2.1666662999999997,1.1444442,14.555554999999998,10.888889,13.666667000000002,19.11111,-11.0,-2.6666667,13.666667000000002,19.11111,0.43169576,2.4475467
89.0,221.0,9.0,0.0,0.0,1.3888888000000001,1.4851848,1.4444445,1.5851861999999999,14.074074,10.666667,12.444445,19.11111,-10.222222,-4.888889,15.111111,19.11111,0.44601154,2.3172118999999998
8.0,199.0,9.0,0.0,0.0,1.6666671000000002,0.78881073,1.3888893,0.71232533,15.0,13.333332999999998,11.777778,19.88889,-5.0,-9.666667,14.666667000000002,19.88889,0.40888458,1.9053026000000002
200.0,250.0,9.0,0.0,0.0,2.2777777,1.4207459999999998,1.4444445,1.0255988,9.222222,6.5555553,7.333333500000001,13.777778,-8.0,-5.6666665,13.666667000000002,13.777778,0.5633903,2.1929355
163.0,166.0,9.0,0.0,0.0,1.7777776,1.0962971000000001,2.444445,1.0518519,16.962963000000002,12.333333,16.333334,22.222220999999998,-13.888889,-1.8888888,15.777778,22.222220999999998,0.4462137,2.5158255
186.0,173.0,9.0,0.0,0.0,1.4444445,0.82963055,2.1111114,1.9851853,17.148148000000003,13.555554999999998,15.555554999999998,22.333334,-10.777778,-4.777777700000001,15.555554999999998,22.333334,0.39643326,2.332739
2.0,245.0,9.0,0.0,0.0,1.8888888,2.162963,3.1666667,3.2777781000000004,6.4074073,6.222222299999999,6.0,7.0,-0.5555555999999999,-1.2222222,1.7777778000000002,7.222222299999999,0.19104938,1.7566451
62.0,223.0,9.0,0.0,0.0,2.5,5.7222230000000005,1.6666666,2.4444442000000004,6.666666499999999,4.888889,4.6666669999999995,10.444445,-5.3333335,-6.0,11.333333,10.444445,0.5931498000000001,2.0465877
242.0,183.0,9.0,0.0,0.0,1.4999999,0.9368979,2.1666667,1.7981470000000002,15.370370000000001,12.666667,12.444445,21.0,-8.111111,-8.777778,16.88889,21.0,0.42024404,2.0758736
200.0,215.0,9.0,0.0,0.0,1.5555558999999999,0.95839405,4.722222,2.6450515,23.037036999999998,17.11111,22.555555,29.444445,-17.777779000000002,-1.4444443999999999,19.222220999999998,29.444445,0.42076695,2.5610487
57.0,177.0,9.0,0.0,0.0,0.94444495,0.55185163,1.4444443,1.71852,19.592592,15.777778,18.444445,24.555555,-11.444445,-3.4444443999999996,14.888889,24.555555,0.35899040000000004,2.413262
63.0,220.0,9.0,0.0,0.0,3.055556,15.262959500000001,3.6666667,6.088889599999999,8.185185,6.5555553,6.4444447,11.555555,-4.888889,-5.222222299999999,10.111111,11.555555,0.48671728,2.0931497
117.0,224.0,9.0,0.0,0.0,3.0555556,2.5596585,3.0555556,3.0215273,20.25926,15.444445000000002,17.777779000000002,27.555555,-14.444445000000002,-7.4444447,21.88889,27.555555,0.44151622,2.3041532000000005
233.0,211.0,9.0,0.11111111,0.0,2.6666667,6.088889599999999,1.6666666,1.7333333,15.444445000000002,12.444445,15.222222,18.666667999999998,-9.0,-0.6666667,9.666667,18.666667999999998,0.33542147,2.5549645
232.0,175.0,9.0,0.0,0.0,1.1666669,0.62360954,2.8333333,2.1679492000000002,15.370370000000001,12.444445,13.555554999999998,20.11111,-8.777778,-5.4444447,14.222222,20.11111,0.38741234,2.2421957999999997
29.0,195.0,9.0,0.0,0.0,0.44444433,0.40368652,0.61111087,0.6804136,16.037036999999998,14.444445000000002,13.333332999999998,20.333334,-4.777777700000001,-8.111111,12.888889,20.333334,0.34230694,1.9430398999999998
63.0,201.0,9.0,0.0,0.0,1.4444445,0.9185186,0.94444424,0.5518518,7.777777700000001,6.222222299999999,5.5555553,11.555555,-4.6666665,-6.666666499999999,11.333333,11.555555,0.54320127,1.9829868000000002
93.0,236.0,9.0,0.11111111,0.0,1.7777777,2.6962965,1.9999999,0.93333334,12.518517999999998,9.555555,10.777778,17.222223,-8.888889,-5.222222299999999,14.111111,17.222223,0.44724658,2.2671973999999997
72.0,191.0,9.0,0.11111111,0.0,1.2777777,0.5074075,3.1111114,4.6074066,15.185185,12.111111,14.888889,18.555555,-9.222222,-0.8888889000000001,10.111111,18.555555,0.3503698,2.545329
52.0,170.0,9.0,0.0,0.0,0.55555564,0.4554201,0.94444436,0.38968262,25.444445,20.11111,25.333334,30.888890000000004,-16.0,-0.33333334,16.333334,30.888890000000004,0.34911168,2.6040132000000002
233.0,184.0,9.0,0.0,0.0,0.5000002,0.077777766,0.7777776999999999,0.785185,11.851851,9.777778,9.888889,15.888889,-6.222222299999999,-5.888889,12.111111,15.888889,0.40555555,2.1286457000000003
237.0,191.0,9.0,0.0,0.0,1.0,0.31111106,1.5,1.0111109,7.333333500000001,5.3333335,5.4444447,11.222222,-6.0,-5.6666665,11.666667,11.222222,0.5358196999999999,2.1224225
36.0,243.0,9.0,0.11111111,0.0,1.888889,1.8518512999999999,2.0,0.7111104,13.333332999999998,9.888889,12.111111,18.0,-10.333333,-3.6666667,14.0,18.0,0.4522286,2.3683104999999998
186.0,218.0,9.0,0.0,0.0,1.1666666,0.74444425,1.1666665,0.65555507,13.703704,10.666667,12.666667,17.777779000000002,-9.111111,-3.1111112000000003,12.222222,17.777779000000002,0.40134683,2.3826834999999997
197.0,236.0,9.0,0.0,0.0,2.4444444,6.829628,3.3333333,7.599997999999999,16.074074,13.111111,16.666667999999998,18.444445,-8.888889,1.7777778000000002,7.111111,18.555555,0.29272884,2.7898002
208.0,240.0,9.0,0.11111111,0.0,1.0555557,0.86296326,2.4444444,5.007407,14.148148999999998,10.888889,13.0,18.555555,-9.777778,-3.4444443999999996,13.222222,18.555555,0.42162097,2.3924873
223.0,185.0,9.0,0.0,0.0,0.5,0.34960312,2.3888886,2.0807757,12.962963,11.555555,9.777778,17.555555,-4.222222299999999,-9.555555,13.777778,17.555555,0.44541803,1.8388497
